0	 
104	<nul>
20,42	中
21,41,84	国
26,47	负
29,41,69	重
27,51,84	的
25,58,77	它
32,55	们
25,55,63	实
16,47,76	现
19,44,69,93	日
27,36,62	报
22,51,76	网
1	1
14,39,64	月
2	2
19,48	电
3	0
16,37,65	至
4	，
23,55	习
27,50	近
16,55,65,94	平
34,41,65	主
34,35,72	席
12,40	对
26,38,72	希
30,54,67,98	道
20,42,79	路
23,54,84,92	发
23,35,64	展
14,35,69	腊
15,44,75	进
29,41,78,91	行
15,37,71,95	支
27,40,65	持
16,45,81	事
34,59,73	访
30,45,63	问
5	。
34,50	这
19,41,67	是
25,39	家
15,42,80	走
29,42,63	自
23,48,66	己
32,36,61	仓
32,59,65	储
28,47	机
20,45,63	器
32	人
28,45	可
33,40,73	续
19,40	时
11,41,70	隔
29,41,67,89	年
16,47,65	再
13,38	大
27,58,83,101	批
12,39,83	能
26,45,76,99	够
30,51,82	次
30,38	关
29,58,68	系
17,57	具
14	有
11,38,68	承
30,39,69	前
34,48,70	启
27,41,70	后
6	、
33,49,73	继
29,59,66	往
16,35	开
16,55,68,92	来
13,46,81	历
20,51	史
30,44,73	意
26,59,68	义
16,42,79	政
28,56	要
27,55,81	接
14,50,62	受
34,48	记
15,54,69	者
14,53	采
16,39	表
15,43	示
12,39,75	通
15,50	过
17,58	此
16,47,82,102	两
32,41,60,103	会
16,41,71	一
17,43,79,100	步
32,41	全
13,46,69,89	面
32,41,70	合
32,54	作
11,36,61	子
15,42,60,101	越
16,51,75,88	迈
11,48	也
13,42,65	在
27,57,84,88	携
27,54,66	手
13,54	帮
14,41,71,96	助
12,38,64	参
23,41,66,87	与
10,57,85	共
31,40,67,98	建
7	“
16,45,75	带
8	”
30,45,73	总
16,44,65	理
29,38,69	乔
18,37,70	治
9	·
22,42,77	帕
18,54,74,95	潘
29,38,71,96	德
19,40,63	里
10,51,76	欧
29,52,73,101	我
12,51,82	欢
26,36,75	迎
32,36	他
13,41,70,96	感
16,37	到
13,44,63,87	非
18,50,70,91	常
34,45,72,94	高
18,57	兴
26,39,67,91	解
23,54,84	改
10,40	革
32,45,67	促
26,42	外
34,54	放
30,35	并
27,57,84,90	推
15,37,71,96	动
33,37,60	经
18,59,69	济
16,40,68	球
32,58,79	化
32,44,66	但
22,41,70	同
34,43,63	应
17,58,65	些
27,43,76,96	挑
17,45,60,101	战
15,38,72	需
16,43,75	还
34,47,62	设
27,48	所
23,59,82	以
34,57	认
21,59,84,92	为
30,48,63,103	决
29,41,72	策
22,47,69	出
25,41,67	定
30,51	交
30,45,61	部
16,45,71	副
10,54,84,92	长
24,59,79	米
26,43,80	尔
27,44	提
11,53,70	阿
22,50	迪
10,38,82,100	斯
16,48,84,96	瓦
33,57,84	维
29,52,65	特
29,47,74	奥
28,40,68	标
15,48	志
30,38,67	着
25,50,75	之
30,44	间
29,51,81	稳
29,47,70	向
13,42,68	不
32,37,84	仅
23,40,62	层
16,44,76	更
12,37	双
34,59,66,96	方
18,50,82	深
34,35,62	度
18,42,68	涉
14,59	及
34,59,66,103	文
18,56	当
26,38,84,97	然
30,47,82	商
24,41	业
30,51,65	将
30,43,79	阔
17,56,64	眼
21,57,69	界
33,58,79	比
15,46,65	雷
15,37,79	埃
15,57	夫
18,50,61	学
28,59,82,99	校
25,56,77	安
28,54,70	格
26,41,69	鲁
34,45,61,86	郭
34,55,70	说
15,41,67	十
32,56,61	分
34,45,75,88	豪
29,56,73,103	很
26,51,85	多
10,38,82,88	期
29,40,65,103	待
34,48,64,90	望
21,50,81	边
29	和
