0	 
118	<nul>
30,62,75	飞
36,48,85,100	行
36,64,72	符
35,44,72	树
17,53,72	苗
17,45,80,111	藏
32,48,91	宝
28,61,87	图
41,52,79,103	高
40,46,91	级
41,60,85,95	魔
37,53,73	兽
35,63	要
41,55,89,104	诀
22,58,68	元
32,50,71	宵
23,59,70	碧
17,45,75,115	藕
31,42,75,115	炼
20,49,89,112	真
40,44,67	经
25,47,69	法
26,61,73	星
25,58,82,104	辉
20,48,86,99	石
36,55,75,101	乐
27,52,70	器
30,55,74	书
36,45,75,102	籍
23,45	天
24,63,71	眼
19,46,82	通
17,54,89	黄
33,44	色
39,48,77	合
20,55,80,111	成
41,61,67	旗
40,63,75	绿
34,59,84	白
21,46,71	月
39,65,72	华
22,52,74,103	露
17,48,80,104	七
32,64,67,106	窍
23,64,91	玲
23,45,90,106	珑
18,53,73	阵
37,45,75	头
23,49,70	正
20,49,72	在
34,50	朱
24,65,90	紫
28,48,91	国
34,62,70,99	拦
27,49,86	路
34,64,68	抢
22,44,78,106	劫
34,58,91	的
40,52,76	强
37,58,89,104	盗
22,52,87	喜
19,58,89	欢
34,44,80	把
39,43	他
29,49,80,115	贝
18,64,72	附
34,57	近
1	，
36,47,83	先
23,44	到
36,51,73	得
27,43,85	啊
39,66,80,94	今
30,55,80,106	已
39,66,69,105	领
18,44	取
2	3
37,58,89	次
22,51,72	埋
22,49,72,103	赶
26,58,76,108	晚
18	了
35,52	可
19,46,90	能
41,52,75,106	就
32,62,74,95	被
27,53,76	别
39	人
27,61,84,111	哦
32,55,74,106	官
41,64,72	府
40,66,69	统
41,47	计
24,49,74	目
37,46,76	前
25,58,82,113	逃
23,44,72	至
34,55,70	据
36,47,77,96	靠
25,50,71	消
36,49,80	息
41,50,70	应
41,66,80,114	该
17,42,70,103	匿
23,48,78	一
23,52,82	带
41,48,71	请
23,52,75,107	速
22,44,87	去
37,58,72	将
17,45,89	其
36,47,83,107	选
34,44,72	择
39,45,86	做
23,52,88	事
36,59,80,111	我
26,48,74	是
23,62,75,101	来
30,49,86	收
34,64,73,103	拾
39,58,75	你
36,62,90,102	剩
39,61,87	余
36,49,70	自
22,44,78,106,117	动
28,52,70	回
31,63,86	数
34,43,69,95	摄
38,61,70	妖
36,51,72	香
23,50,82	还
21	有
33,58	多
25,61,71	少
39,63,68	分
33,52,74,100	钟
37,58,86	效
26,60	果
19,44	双
39,62,77	倍
28,52	加
26,47	时
37,51	间
39,66,73,99	住
41,49,77	店
39,60	休
34,57,89,106	挖
35,66	术
17,61	攻
22,54,76	击
18,66,80	防
36,59,74	御
37,56,73	普
41,42,69	度
39,64,89	众
36,48	生
26,51,76,102	日
25,58	光
29,42,70,111	贼
23,48,73	王
35,48	本
39,48,87	侠
22,64,72	替
37,61,74,107	道
20,49,75	不
38,43	好
37,51,80	意
28,55	思
24,52,81	点
33,42,76	错
40,52,68	缉
39,48,77,109	拿
38,60	杂
39,65,79	货
29,64,92	内
25,46,82,96	逍
21,59,79	遥
25,63	当
3	0
17,52,73,101	或
22,61,76	者
25,54,71	滑
35,51,73	查
20,49,76	看
39,64,72,96	坐
35,47,75	标
36,66,73	往
17,55	世
28,64,76	界
24,64	具
23,52,74	囊
39,61,72	任
36,53,68	务
25,61,70	活
23,52,78	副
33,55,73	乌
19,58,91	鸡
22,48,74,99	士
25,50,75	水
20,45	大
39,48,67,115	会
18,47,79	陆
17,47,77	车
30,66,82	迟
37,47,77,104	斗
23,62,72,103	平
35,45,79	顶
29,54,79	山
28,47,81	黑
29,58	风
33,61,89	猴
34,46,82	授
36,47,74,115	徒
37,66,79	闹
32,52,77	宫
28,49	四
36,43	季
25,60,77	河
36,65,75	系
20,61	帮
25,59,86,97	派
37,49,91,106	门
40,46,73	组
18,64	队
39,47,80,115	传
37,43	闻
34,53,72	摆
34,44,89	摊
33,61,73,107	逛
25,54,69	没
32,62,67,98	空
26,63	归
41,55,89	雇
39,46,74	佣
31,48,71	精
39,49,86	修
25,49,86	小
23,54,89,114	两
38,52,72	召
27,58,79	唤
39,60,73	体
28,61,80	力
41,56,69	变
30,42,76	异
32,62,74	补
41,44,83	充
34,55,68	气
36,53,70	血
22,50,75	未
41,55,86	刻
25,62,79	滴
31,62,72	料
34,58,69	鬼
35,48,70	酉
22,48	二
36,47,69	丢
41,42,91	谎
40,66,76	缠
40,59,79	绵
41,47,91	讨
27,61,80	吃
30,47,70	丑
24,64,68,98	龌
24,64,68,100	龊
32,48,79	寅
41,55,86,114	亥
32,64,78,94	穷
32,58,77	冤
23,42,84,95	魂
33,61,68,100	卯
20,48,73	三
17,51,76,107	遭
37,51,78	瘟
30,55,73,104	巳
39,43,73	仔
40,53	细
25,51,78	温
17,45,89,109	斯
40,65,79,103	幽
38,56	灵
36,58,86	黎
34,48,70	丘
38,47,74	奸
41,58,88,99	诌
36,47,76	午
27,46,91	吸
18,43,68	子
33,63,80	急
32,64,70	突
34,42,83	抠
34,58,84	掏
26,47,69	野
39,48,69	倒
22,51,80	塌
30,61,80,115	心
37,48,79	病
25,42,86	浇
24,42,81	虚
26,49,77	申
27,55,74	叫
36,47,72,110	街
20,48,80,111	戌
23,52,75,105	赖
20,61,71,101	辰
26,48,79	师
17,45,71,98	葫
17,66,80,109	芦
34,59,74,115	抓
36,59,72	特
23,58,84	殊
41,53,70	库
39,66,85	集
41,54,74,102	市
29,54,76	出
39,66,77	售
23,42	开
41,55,77	启
20,58,71	确
32,48,74	定
22,47,72,115	封
20,44	友
41,52,68,98	享
22,50	示
20,48,88,111	威
36,65,74	第
29,61	几
30,44,72	怪
23,54,72	再
29,58,68	见
33,46,74,100	解
22,64,79	规
29,51	则
34,44,82	返
37,64,91	准
36,53,72	备
23,49	下
33,58,83,108	金
32,46	家
34,49,77	牛
19,55,80	马
20,53,76,98	面
29,46,70,99	骷
29,46,81,113	髅
39,48,78	僵
30,55,73,111	尸
30,66,67,106	忙
37,45	关
37,47,86	闭
30,61,91,101	发
32,66,87	祥
23,54,70	瑞
36,51,86	复
17,65,83	药
31,66,80	炉
41,43,81	烹
33,55,86,98	饪
23,52,75,100	整
23,51,72	理
35,51,90	棍
35,48,79	柄
22,49,80,115	武
33,62,77	锐
36,51,74	利
26,62,76	暗
21,60,88	腰
17,47,72,98	鞋
25,60,73,99	酒
41,46	衣
21,43,69	服
17,64,90	花
22,42,76	卉
27,49,86,96	跃
22,61,68,111	教
35,56,88	楼
22,61,90	老
35,59,69	板
19,44,72,100	驿
37,49	站
22,43	地
34,47,74,107	遁
35,48,74,99	西
28,52,79	贺
25,66,86	洲
22,47,72,98	土
22,54,87	南
24,58,70	瞻
37,52,68	部
20,49,70,94	酆
22,61,76,94	都
32,47	守
33,66,88	贸
26,58,84	易
37,52,80	总
36,57,80,106	管
22,49,88	超
23,49,89,99	巫
17,61,70	医
38,62,86,100	馗
23,45,80,113	无
25,57,77,100	常
18,57,90	陀
34,62,88	接
40,49	引
39,54	仙
38,63,88	女
23,59,72	百
26,47,70	里
40,65,72	毕
27,56,88,99	喽
27,53,83,115	啰
17,61,91,101	长
18,50	孙
17,64,72	蔡
26,62,83,115	蛟
20,65,88	龙
29,44	凤
29,59,73	凰
4	1
5	2
6	4
7	5
8	6
9	7
10	8
11	9
12	.
13	,
14	（
15	）
16	。
20,55,70,111	臧
40,64,91	维
30,55,91	羽
35,58,83,96	樊
32,47,83,98	冠
39,65,86	化
41,47,86	诸
17,51,83	葛
32,45,69	宏
37,51,72,98	童
41,64,89,99	鹰
24,42,79	虎
37,44	冯
25,42,89	洪
36,58,70,110	衡
30,48,77	司
33,63,71	银
17,50	东
41,66,73,106	方
22,51,74,100	坤
21,61	用
36,62,76	简
40,42	红
29,61,70	峰
41,48,74,101	卞
32,66,73	福
37,51,72,102	单
20,55,80,104	盛
39,66	信
17,54,70	英
36,45,78,106	德
33,48,68	印
41,44,71	育
37,52,74	冲
19,61,77	骆
38,42,74	姬
22,53,72	雷
20,42,70	左
29,64,91,106	岑
41,65,86	雍
17,58,83,116	欧
18,51	阳
29,57,89,93	崆
17,58	区
25,44,77	治
36,62	科
32,63,84	安
37,65,86	北
33,48,71	铺
26,61,91,104	监
22,45,80,111	城
20,61,72	寿
35,47	村
39,48,83,111	傲
33,51,71,112	象
25,63,89	梁
38,47,74,107	建
31,48,68,100	邺
37,58,68	郊
33,49	外
25,42	江
41,63,74	唐
22,62,76	境
23,48,86,99	五
41,47,70	庄
19,54,83	观
22,47	寺
33,61	儿
33,61,76,100	狮
19,57,90	驼
29,64,91,95	岭
39,49,89	俱
31,57	迷
32,47,76,110	寨
36,46,78	盘
40,65,73	丝
25,61,90,112	海
41,58,67	底
40,48,87,101	母
33,52	名
22,42,77,99	域
41,55,76,114	麒
41,55,76,100	麟
20,57,83	碗
17,61,70,107	蓬
17,48,81	莱
33,66,80,105	岛
25,66,81	湾
